          86
         222
         145
           6
          83
         216
          73
          84
         209
         202
          22
          70
         139
         173
         152
          56
          15
          60
         219
          68
         222
          71
         136
          21
         128
         157
          20
         169
          74
         188
         211
         251
         245
          45
         165
           2
          28
         187
         220
          24
         244
         127
          53
         137
          49
         208
         117
          70
         111
         114
          84
         139
         201
          99
         207
          17
          70
         217
          12
          44
         117
         209
         137
         122
         159
         191
         244
         246
         235
         162
           8
         233
         255
          27
          11
          62
          23
         161
         156
         152
          96
         217
         225
          71
         100
         159
          35
         151
         182
          10
         247
         135
         179
         109
         153
          92
          15
          37
         247
         159
          27
         236
         157
         197
         149
         147
         224
          18
          98
         213
          48
         170
          65
         156
         173
         184
          19
          54
          15
         114
         145
         252
         212
          73
          94
         138
         219
         205
         227
         148
           0
         208
          38
         201
         111
         180
         108
          10
         198
          82
         217
         254
         243
         141
          21
         151
         135
         228
         237
         153
